12.1622 -11.4987 78.4668 compt
12.5293 -11.8458 399.023 compt
12.63 -11.924 71.1742 compt
12.4497 -11.9556 113.336 phot
12.5289 -11.8456 3.96042 phot
15.9145 -8.61947 468.889 compt
16.6561 -9.02116 193.111 phot
-14.7335 22.3506 388.615 compt
-15.3834 23.3364 273.385 phot
-10.7243 -19.2854 180.414 compt
22.0726 22.1813 129.141 compt
23.0144 23.1277 285.327 compt
22.8371 23.638 247.531 phot
-1.11401 -19.5936 389.088 compt
-1.13592 -19.979 82.6573 compt
-1.05906 -19.9868 190.255 phot
13.4529 12.386 194.073 compt
13.6333 12.5521 299.996 compt
12.8395 11.9441 38.6588 compt
13.2261 12.7946 129.272 phot
12.8375 11.9421 2.6289 phot
